    + --- ---------------- --------- +
                    plain recursion 
--- + --- ---------------- --------- +
  n  sol            count  cpu time 
--- + --- ---------------- --------- +
  1    1                2 1.046e-06    1                2 1.796e-06 
  2    2                3 9.240e-07    2                3 5.920e-07 
  3    3                5 8.220e-07    3                5 8.550e-07 
  4    3                8 8.290e-07    3                5 7.720e-07 
  5    4               12 7.810e-07    4                7 5.750e-07 
  6    4               18 8.450e-07    4                8 5.840e-07 
  7    5               25 1.015e-06    5               10 6.150e-07 
  8    5               35 1.176e-06    5               12 6.670e-07 
  9    5               47 1.512e-06    5               10 6.160e-07 
 10    6               61 1.555e-06    6               13 1.392e-06 
 11    6               78 2.260e-06    6               15 7.170e-07 
 12    6               98 1.278e-06    6               13 3.970e-07 
 13    7              121 1.443e-06    7               17 5.410e-07 
 14    7              147 1.569e-06    7               20 5.280e-07 
 15    7              177 1.826e-06    7               20 4.960e-07 
 16    7              210 2.006e-06    7               16 4.340e-07 
 17    8              247 2.241e-06    8               20 4.660e-07 
 18    8              288 2.583e-06    8               23 4.510e-07 
 19    8              334 2.963e-06    8               24 5.130e-07 
 20    8              378 3.418e-06    8               20 3.616e-06 
 21    9              425 5.172e-06    9               24 7.840e-07 
 22    9              476 4.478e-06    9               28 6.940e-07 
 23    9              530 4.781e-06    9               28 6.060e-07 
 24    9              587 5.396e-06    9               25 5.020e-07 
 25    9              647 5.668e-06    9               19 4.060e-07 
 26   10              710 6.018e-06   10               23 4.430e-07 
 27   10              762 6.515e-06   10               25 4.780e-07 
 28   10              817 7.344e-06   10               24 4.630e-07 
 29   10              874 7.806e-06   10               20 4.010e-07 
 30   11              932 8.375e-06   11               22 4.160e-07 
 31   11              993 8.757e-06   11               24 4.080e-07 
 32   11             1056 9.014e-06   11               22 3.630e-07 
 33   12             1120 9.574e-06   12               24 4.480e-07 
 34   12             1187 9.999e-06   12               26 4.120e-07 
 35   12             1256 1.101e-05   12               24 3.860e-07 
 36   13             1326 1.106e-05   13               26 4.100e-07 
 37   13             1399 1.158e-05   13               28 3.930e-07 
 38   13             1474 1.216e-05   13               26 3.860e-07 
 39   14             1572 1.277e-05   14               29 4.180e-07 
 40   14             1673 1.327e-05   14               31 4.060e-07 
 41   14             1777 1.389e-05   14               29 4.070e-07 
 42   15             1884 1.455e-05   15               33 4.520e-07 
 43   15             1994 1.554e-05   15               36 4.950e-07 
 44   15             2082 1.629e-05   15               35 4.860e-07 
 45   15             2172 1.733e-05   15               31 4.570e-07 
 46   16             2264 1.787e-05   16               34 5.020e-07 
 47   16             2358 1.875e-05   16               36 5.370e-07 
 48   16             2424 1.955e-05   16               34 5.380e-07 
 49   16             2491 2.816e-05   16               31 4.820e-07 
 50   17             2559 2.063e-05   17               33 9.370e-07 
 55   19             2914 2.445e-05   19               37 8.210e-07 
 60   22             3294 2.625e-05   22               43 7.490e-07 
 65   24             3856 2.979e-05   24               50 7.010e-07 
 70   26             4702 3.564e-05   26               55 7.140e-07 
 75   27             5819 4.372e-05   27               61 8.350e-07 
 80   28             7190 5.612e-05   28               69 1.015e-06 
 85   29             8535 6.560e-05   29               72 1.046e-06 
 90   30             9349 7.397e-05   30               66 1.186e-06 
 95   33             9969 7.842e-05   33               72 1.262e-06 
100   35            10614 8.011e-05   35               76 2.440e-06 
110   40            12252 1.267e-04   40               89 1.631e-06 
120   43            15520 1.183e-04   43              100 1.467e-06 
130   45            19500 1.449e-04   45              109 1.502e-06 
140   47            24041 1.929e-04   47              113 1.383e-06 
150   49            28241 2.091e-04   49              112 1.500e-06 
160   53            30447 2.286e-04   53              112 1.478e-06 
170   58            32652 2.420e-04   58              122 1.492e-06 
180   62            36898 2.719e-04   62              137 1.535e-06 
190   64            43482 3.160e-04   64              147 1.897e-06 
200   66            50255 3.724e-04   66              158 6.748e-06 
220   73            57734 4.434e-04   73              152 2.686e-06 
240   80            68659 5.560e-04   80              174 2.478e-06 
260   84            84872 6.399e-04   84              180 2.329e-06 
280   90            95116 7.943e-04   90              187 2.520e-06 
300   98           107700 8.208e-04   98              208 2.778e-06 
320  102           126336 9.679e-04  102              212 2.739e-06 
340  111           136665 1.058e-03  111              231 3.241e-06 
360  116           157119 1.189e-03  116              247 3.209e-06 
380  121           182266 1.492e-03  121              257 5.367e-06 
400  130           193702 2.064e-03  130              277 5.534e-06 
420  135           221308 1.995e-03  135              301 7.995e-06 
440  140           242044 2.632e-03  140              300 6.561e-06 
460  148           257383 2.002e-03  148              316 4.942e-06 
480  153           288545 2.880e-03  153              330 5.828e-06 
500  160           309450 2.444e-03  160              338 5.320e-06 
520  167           330275 2.375e-03  167              354 4.273e-06 
540  172           371774 3.586e-03  172              383 7.944e-06 
560  178           393848 4.151e-03  178              375 9.664e-06 
580  185           423736 3.820e-03  185              398 7.756e-06 
600  189           467440 3.788e-03  189              413 7.025e-06 
620  196           492420 3.810e-03  196              415 6.375e-06 
640  203           522145 4.146e-03  203              438 6.487e-06 
660  208           561042 4.678e-03  208              444 8.884e-06 
680  215           587214 5.738e-03  215              457 9.165e-06 
700  223           614107 5.572e-03  223              480 9.080e-06 
720  228           657470 5.250e-03  228              491 1.006e-05 
740  237           681882 5.318e-03  237              510 7.749e-06 
760  242           731241 6.244e-03  242              531 9.809e-06 
780  246           781485 6.078e-03  246              537 8.440e-06 
800  256           804723 6.853e-03  256              553 1.221e-05 
